%YAML:1.0
---
image_width: 1280
image_height: 720
camera_name: camera
camera_matrix: !!opencv-matrix
   rows: 3
   cols: 3
   dt: d
   data: [ 1.0202477539224885e+03, 0., 6.5408568058599019e+02, 0.,
       1.0227768039269025e+03, 3.3505135921974897e+02, 0., 0., 1. ]
distortion_model: plumb_bob
distortion_coefficients: !!opencv-matrix
   rows: 1
   cols: 5
   dt: d
   data: [ 1.9778509583126228e-01, -3.7778169196911265e-01,
       -3.0851736169866797e-03, 1.0126562004595756e-03,
       7.2843066712127577e-02 ]
rectification_matrix: !!opencv-matrix
   rows: 3
   cols: 3
   dt: d
   data: [ 1., 0., 0., 0., 1., 0., 0., 0., 1. ]
projection_matrix: !!opencv-matrix
   rows: 3
   cols: 4
   dt: d
   data: [ 1.0202477539224885e+03, 0., 6.5408568058599019e+02, 0., 0.,
       1.0227768039269025e+03, 3.3505135921974897e+02, 0., 0., 0., 1.,
       0. ]
