%YAML:1.0
---
image_width: "1280"
image_height: "720"
camera_name: camera/right
camera_matrix: !!opencv-matrix
   rows: 3
   cols: 3
   dt: d
   data: [ 6.9859000000000003e+02, 0., 6.1544000000000005e+02, 0.,
       6.9859000000000003e+02, 3.1751450000000000e+02, 0., 0., 1. ]
distortion_model: plumb_bob
distortion_coefficients: !!opencv-matrix
   rows: 1
   cols: 5
   dt: d
   data: [ -1.7442900000000000e-01, 2.7807200000000001e-02, 0., 0., 0. ]
rectification_matrix: !!opencv-matrix
   rows: 3
   cols: 3
   dt: d
   data: [ 1., 1.8042314049091589e-16, 6.9351906966991017e-16,
       -1.8108654985025702e-16, 9.9999999354590074e-01,
       -1.1361425384152245e-04, -6.9356187713269979e-16,
       1.1361425384151566e-04, 9.9999999354590052e-01 ]
projection_matrix: !!opencv-matrix
   rows: 3
   cols: 4
   dt: d
   data: [ 7.3764347722403181e+02, 0., 5.8999710083007812e+02,
       -6.2100138945755010e+04, 0., 7.3764347722403181e+02,
       3.4061549377441406e+02, 0., 0., 0., 1., 0. ]
