[LEFT_CAM_2K]
fx=1403.12
fy=1403.12
cx=1062.23
cy=655.01
k1=-0.176465
k2=0.0287211
k3=0
p1=0
p2=0

[RIGHT_CAM_2K]
fx=1397.18
fy=1397.18
cx=1057.88
cy=539.029
k1=-0.174429
k2=0.0278072
k3=0
p1=0
p2=0

[LEFT_CAM_FHD]
fx=1403.12
fy=1403.12
cx=918.23
cy=574.01
k1=-0.176465
k2=0.0287211
k3=0
p1=0
p2=0

[RIGHT_CAM_FHD]
fx=1397.18
fy=1397.18
cx=913.88
cy=458.029
k1=-0.174429
k2=0.0278072
k3=0
p1=0
p2=0

[LEFT_CAM_HD]
fx=701.56
fy=701.56
cx=617.615
cy=375.505
k1=-0.176465
k2=0.0287211
k3=0
p1=0
p2=0

[RIGHT_CAM_HD]
fx=698.59
fy=698.59
cx=615.44
cy=317.5145
k1=-0.174429
k2=0.0278072
k3=0
p1=0
p2=0

[LEFT_CAM_VGA]
fx=350.78
fy=350.78
cx=324.3075
cy=195.2525
k1=-0.176465
k2=0.0287211
k3=0
p1=0
p2=0

[RIGHT_CAM_VGA]
fx=349.295
fy=349.295
cx=323.22
cy=166.25725
k1=-0.174429
k2=0.0278072
k3=0
p1=0
p2=0

[STEREO]
Baseline=120
TY=0
TZ=0
CV_2K=0.0100248
CV_FHD=0.0100248
CV_HD=0.0100248
CV_VGA=0.0100248
RX_2K=-0.000227228
RX_FHD=-0.000227228
RX_HD=-0.000227228
RX_VGA=-0.000227228
RZ_2K=-0.0026173
RZ_FHD=-0.0026173
RZ_HD=-0.0026173
RZ_VGA=-0.0026173

