%YAML:1.0
---
image_width: "1280"
image_height: "720"
camera_name: camera/left
camera_matrix: !!opencv-matrix
   rows: 3
   cols: 3
   dt: d
   data: [ 1.4031199999999999e+03, 0., 5.9823000000000002e+02, 0.,
       1.4031199999999999e+03, 3.9400999999999999e+02, 0., 0., 1. ]
distortion_model: plumb_bob
distortion_coefficients: !!opencv-matrix
   rows: 1
   cols: 5
   dt: d
   data: [ -1.7646500000000001e-01, 2.8721099999999999e-02, 0., 0., 0. ]
rectification_matrix: !!opencv-matrix
   rows: 3
   cols: 3
   dt: d
   data: [ 9.9994632704320408e-01, 2.6161142037921035e-03,
       1.0024917918771976e-02, -2.6172531757594811e-03,
       9.9999656993724584e-01, 1.0049655217178247e-04,
       -1.0024620622216840e-02, -1.2672890648432046e-04,
       9.9994974419775950e-01 ]
projection_matrix: !!opencv-matrix
   rows: 3
   cols: 4
   dt: d
   data: [ 1.6654824631510685e+03, 0., 5.8114261627197266e+02, 0., 0.,
       1.6654824631510685e+03, 3.3400364685058594e+02, 0., 0., 0., 1.,
       0. ]
