%YAML:1.0
---
image_width: "1280"
image_height: "720"
camera_name: camera/left
camera_matrix: !!opencv-matrix
   rows: 3
   cols: 3
   dt: d
   data: [ 7.0155999999999995e+02, 0., 6.1761500000000001e+02, 0.,
       7.0155999999999995e+02, 3.7550500000000000e+02, 0., 0., 1. ]
distortion_model: plumb_bob
distortion_coefficients: !!opencv-matrix
   rows: 1
   cols: 5
   dt: d
   data: [ -1.7646500000000001e-01, 2.8721099999999999e-02, 0., 0., 0. ]
rectification_matrix: !!opencv-matrix
   rows: 3
   cols: 3
   dt: d
   data: [ 9.9994632704320408e-01, 2.6161142037921035e-03,
       1.0024917918771976e-02, -2.6172531757594811e-03,
       9.9999656993724584e-01, 1.0049655217178247e-04,
       -1.0024620622216840e-02, -1.2672890648432046e-04,
       9.9994974419775950e-01 ]
projection_matrix: !!opencv-matrix
   rows: 3
   cols: 4
   dt: d
   data: [ 7.3764347722403181e+02, 0., 5.8999710083007812e+02, 0., 0.,
       7.3764347722403181e+02, 3.4061549377441406e+02, 0., 0., 0., 1.,
       0. ]
